Node:
79
23
Neighbors:
73
74
75
76
77
78
80
81
82
83
84
85
86
87
88
89
90
91
92
93
94
95
96
Flows:
10
Paths:
5
15 1 49 55
15 1 50 55
15 1 49 50 55
15 1 49 50 55
15 1 50 49 55
5
55 49 1 15
55 50 1 15
55 50 49 1 15
55 50 49 1 15
55 49 50 1 15
5
30 25 49 70
30 25 50 70
30 25 49 50 70
30 25 49 50 70
30 25 50 49 70
5
70 49 25 30
70 50 25 30
70 50 49 25 30
70 50 49 25 30
70 49 50 25 30
5
14 1 25 29
14 1 26 29
14 1 25 26 29
14 1 25 26 29
14 1 26 25 29
5
29 25 1 14
29 26 1 14
29 26 25 1 14
29 26 25 1 14
29 25 26 1 14
5
6 1 73 81
6 1 74 81
6 1 73 74 81
6 1 73 74 81
6 1 74 73 81
5
81 73 1 6
81 74 1 6
81 74 73 1 6
81 74 73 1 6
81 73 74 1 6
5
52 49 73 93
52 49 74 93
52 49 73 74 93
52 49 73 74 93
52 49 74 73 93
5
93 73 49 52
93 74 49 52
93 74 73 49 52
93 74 73 49 52
93 73 74 49 52
